00 00 00 00 5c 00 01 0b 68 01 00 51 00 01 0b 68 01 00 55 00 01 0b 68 01 00 5f 00 01 0b 68 01 00 79 00 01 03 70 02 ff dd 0c 00 1d 04 54 03 03 03 09 01 6c 09 01 29 09 01 26 09 01 23 09 01 20 09 
01 1d 09 01 1a 01 00 00 01 94 04 54 03 03 03 0c 00 06 09 00 06 09 00 0e 01 ff ff ff ff 0c 00 11 09 00 14 01 ff ff ff ff 0c 00 09 09 00 14 09 00 1c 09 00 24 01 ff ff ff ff 0c 00 27 09 00 9e 01 
00 00 01 94 0c 00 1f 09 00 25 01 00 00 01 94 0c 00 1a 09 00 5c 01 ff ff ff ff 0c 00 0c 09 00 3b 09 00 90 09 00 1f 09 00 5e 09 00 9d 02 90 ff ff fe 0e 09 0a a4 00 00 00 de 08 04 54 03 03 03 09 
00 9d 02 90 ff ff fe 08 09 0a a4 00 00 00 c8 08 04 54 03 03 03 09 00 87 02 90 00 00 01 fc 09 0a a4 00 00 00 b5 08 04 54 03 03 03 09 00 71 02 90 00 00 02 04 09 0a a4 00 00 00 9f 08 04 54 03 03 
03 09 00 5b 02 90 00 00 02 00 09 0a a4 00 00 00 89 08 04 54 03 03 03 09 00 45 02 90 00 00 00 13 09 0a a4 00 08 00 3b 08 04 54 03 03 03 09 00 2f 02 90 00 00 00 0b 09 0a a4 00 00 00 25 08 04 54 
03 03 03 09 00 19 02 90 00 00 00 0f 09 0a a4 00 04 00 0f 08 04 54 03 03 03 09 00 03 01 ff ff ff ff 0b 64 08 ff fb 09 0b 64 08 ff ff 0b 64 08 ff fb 09 0b 0b 64 08 ff e9 09 0b 64 08 ff e3 09 0b 
64 08 ff dd 09 0b 64 08 ff d7 09 0b 64 08 ff d1 09 0f ff ce 09 00 00 01 00 00 01 94 0a a4 00 00 ff fb 03 0a a4 00 07 00 00 02 03 70 02 01 00 03 70 02 01 00 03 70 02 01 00 03 70 02 01 00 03 70 
02 01 00 03 70 02 01 00 03 70 02 01 00 03 70 02 01 00 03 70 02 01 00 03 70 02 01 00 03 70 02 01 00 03 70 02 01 00 03 70 02 01 00 03 70 02 01 00 03 70 02 01 00 03 70 02 01 00 03 70 02 01 00 03 
70 02 01 00 03 70 02 01 00 03 70 02 01 00 03 70 02 01 00 03 70 02 01 00 03 70 02 01 00 03 70 02 01 00 03 70 02 01 00 03 70 02 01 00 03 70 02 01 00 03 70 02 01 00 03 70 02 01 00 03 70 02 01 00 
03 70 02 01 00 03 70 02 01 00 03 70 02 01 00 03 70 02 01 00 03 70 02 01 00 03 70 02 01 00 03 70 02 01 00 03 70 02 01 00 03 70 02 01 00 03 70 02 01 00 03 70 02 01 00 03 70 02 01 00 03 70 02 01 
00 03 70 02 01 00 03 70 02 01 00 03 70 02 01 00 03 70 02 01 00 03 70 02 01 00 03 70 02 01 00 01 00 00 01 94 03 70 03 01 00 00 03 70 02 01 00 03 70 02 01 00 03 70 02 01 00 03 70 02 01 00 03 70 
02 01 00 03 70 02 01 00 03 70 02 01 00 03 70 02 01 00 03 70 02 01 00 03 70 02 01 00 03 70 02 01 00 03 70 02 01 00 03 70 02 01 00 03 70 02 01 00 03 70 02 01 00 03 70 02 01 00 03 70 02 01 00 03 
70 02 01 00 03 70 02 01 00 03 70 02 01 00 03 70 02 01 00 03 70 02 01 00 03 70 02 01 00 03 70 02 01 00 03 70 02 01 00 03 70 02 01 00 03 70 02 01 00 03 70 02 01 00 03 70 02 01 00 03 70 02 01 00 
03 70 02 01 00 03 70 02 01 00 03 70 02 01 00 03 70 02 01 00 03 70 02 01 09 00 00 01 09 00 00 01 02 01 00 03 70 02 01 00 03 70 02 01 00 03 70 02 01 00 03 70 02 01 00 03 70 02 01 00 03 70 02 01 
00 03 70 02 01 00 03 70 02 01 00 03 70 02 01 00 03 70 02 01 00 03 70 02 01 00 03 70 02 01 00 00 00 00 00 00 01 00 00 01 00 00 03 70 02 01 00 03 70 02 01 00 03 70 02 01 00 03 70 02 01 00 03 70 
02 01 00 03 70 02 01 00 03 70 02 01 00 03 70 02 01 00 03 70 02 01 00 03 70 02 01 00 03 70 02 01 00 03 70 02 01 00 03 70 02 01 00 03 70 02 01 00 03 70 02 01 00 03 70 02 01 00 03 70 02 01 00 03 
70 02 01 00 03 70 02 01 00 03 70 02 01 00 03 70 02 01 00 03 70 02 01 00 03 70 02 01 00 03 70 02 01 00 03 70 02 01 00 03 70 02 01 00 03 70 02 01 00 03 70 02 01 00 03 70 02 01 00 03 70 02 01 00 
03 70 02 01 00 03 70 02 01 00 03 70 02 01 00 03 70 02 01 00 03 70 02 01 00 03 70 02 01 00 03 70 02 01 00 03 70 02 01 00 03 70 02 01 00 03 70 02 01 00 03 70 02 01 00 03 70 02 01 00 03 70 02 01 
00 03 70 02 01 00 03 70 02 01 00 03 70 02 01 00 03 70 02 01 00 03 70 02 01 00 03 70 02 01 00 00 00 00 00 00 00 00 00 00 00 00 03 70 02 01 00 03 70 02 01 00 03 70 02 01 00 03 70 02 01 00 03 70 
02 01 00 03 70 02 01 00 03 70 02 01 00 03 70 02 01 00 03 70 02 01 00 03 70 02 01 00 03 70 02 01 00 03 70 02 01 00 03 70 02 01 00 03 70 02 01 00 03 70 02 01 00 03 70 02 01 00 03 70 02 01 00 03 
70 02 01 00 03 70 02 01 00 03 70 02 01 00 03 70 02 01 00 03 70 02 01 00 03 70 02 01 00 03 70 02 01 00 03 70 02 01 00 03 70 02 01 00 03 70 02 01 00 03 70 02 01 00 03 70 02 01 00 03 70 02 01 00 
03 70 02 01 00 03 70 02 01 00 03 70 02 01 00 03 70 02 01 00 03 70 02 01 00 03 70 02 01 00 03 70 02 01 00 03 70 02 01 00 03 70 02 01 00 03 70 02 01 00 03 70 02 01 00 03 70 02 01 00 03 70 02 01 
00 03 70 02 01 00 03 70 02 01 00 03 70 02 01 00 03 70 02 01 00 03 70 02 01 00 03 70 02 01 00 00 00 00 00 00 00 00 00 00 00 00 03 70 02 01 00 03 70 02 01 00 03 70 02 01 00 03 70 02 01 00 03 70 
02 01 00 03 70 02 01 00 03 70 02 01 00 03 70 02 01 00 03 70 02 01 00 03 70 02 01 00 03 70 02 01 00 03 70 02 01 00 03 70 02 01 00 03 70 02 01 00 03 70 02 01 00 03 70 02 01 00 03 70 02 01 00 03 
70 02 01 00 03 70 02 01 00 03 70 02 01 00 03 70 02 01 00 03 70 02 01 00 03 70 02 01 00 03 70 02 01 00 03 70 02 01 00 03 70 02 01 00 03 70 02 01 00 03 70 02 01 00 03 70 02 01 00 03 70 02 01 00 
03 70 02 01 00 03 70 02 01 00 03 70 02 01 00 03 70 02 01 00 03 70 02 01 00 03 70 02 01 00 03 70 02 01 00 03 70 02 01 00 03 70 02 01 00 03 70 02 01 00 03 70 02 01 00 03 70 02 01 00 03 70 02 01 
00 03 70 02 01 00 03 70 02 01 00 03 70 02 01 00 03 70 02 01 00 03 70 02 01 00 03 70 02 01 00 00 00 00 00 00 00 00 00 00 00 00 03 70 02 01 00 03 70 02 01 00 03 70 02 01 00 03 70 02 01 00 03 70 
02 01 00 03 70 02 01 00 03 70 02 01 00 03 70 02 01 00 03 70 02 01 00 03 70 02 01 00 03 70 02 01 00 03 70 02 01 00 03 70 02 01 00 03 70 02 01 00 03 70 02 01 00 03 70 02 01 00 03 70 02 01 00 03 
70 02 01 00 03 70 02 01 00 03 70 02 01 00 03 70 02 01 00 03 70 02 01 00 03 70 02 01 00 03 70 02 01 00 03 70 02 01 00 03 70 02 01 00 03 70 02 01 00 03 70 02 01 00 03 70 02 01 00 03 70 02 01 00 
03 70 02 01 00 03 70 02 01 00 03 70 02 01 00 03 70 02 01 00 03 70 02 01 00 03 70 02 01 00 03 70 02 01 00 03 70 02 01 00 03 70 02 01 00 03 70 02 01 00 03 70 02 01 00 03 70 02 01 00 03 70 02 01 
00 03 70 02 01 00 03 70 02 01 00 03 70 02 01 00 03 70 02 01 00 03 70 02 01 00 03 70 02 01 00 00 00 00 00 00 00 00 00 00 00 00 03 70 02 01 00 03 70 02 01 00 03 70 02 01 00 03 70 02 01 00 03 70 
02 01 00 03 70 02 01 00 03 70 02 01 00 03 70 02 01 00 03 70 02 01 00 03 70 02 01 00 03 70 02 01 00 03 70 02 01 00 03 70 02 01 00 03 70 02 01 00 03 70 02 01 00 03 70 02 01 00 03 70 02 01 00 03 
70 02 01 00 03 70 02 01 00 03 70 02 01 00 03 70 02 01 00 03 70 02 01 00 03 70 02 01 00 03 70 02 01 00 03 70 02 01 00 03 70 02 01 00 03 70 02 01 00 03 70 02 01 00 03 70 02 01 00 03 70 02 01 00 
03 70 02 01 00 03 70 02 01 00 03 70 02 01 00 03 70 02 01 00 03 70 02 01 00 03 70 02 01 00 03 70 02 01 00 03 70 02 01 00 03 70 02 01 00 03 70 02 01 00 03 70 02 01 00 03 70 02 01 00 03 70 02 01 
00 03 70 02 01 00 03 70 02 01 00 03 70 02 01 00 03 70 02 01 00 03 70 02 01 00 03 70 02 01 00 00 00 00 00 00 00 00 00 00 00 00 03 70 02 01 00 03 70 02 01 00 03 70 02 01 00 03 70 02 01 00 03 70 
02 01 00 03 70 02 01 00 03 70 02 01 00 03 70 02 01 00 03 70 02 01 00 03 70 02 01 00 03 70 02 01 00 03 70 02 01 00 03 70 02 01 00 03 70 02 01 00 03 70 02 01 00 03 70 02 01 00 03 70 02 01 00 03 
70 02 01 00 03 70 02 01 00 03 70 02 01 00 03 70 02 01 00 03 70 02 01 00 03 70 02 01 00 03 70 02 01 00 03 70 02 01 00 03 70 02 01 00 03 70 02 01 00 03 70 02 01 00 03 70 02 01 00 03 70 02 01 00 
03 70 02 01 00 03 70 02 01 00 03 70 02 01 00 03 70 02 01 00 03 70 02 01 00 03 70 02 01 00 03 70 02 01 00 03 70 02 01 00 03 70 02 01 00 03 70 02 01 00 03 70 02 01 00 03 70 02 01 00 03 70 02 01 
00 03 70 02 01 00 03 70 02 01 00 03 70 02 01 00 03 70 02 01 00 03 70 02 01 00 03 70 02 01 00 00 00 00 00 00 00 00 00 00 00 00 03 70 02 01 00 03 70 02 01 00 03 70 02 01 00 03 70 02 01 00 03 70 
02 01 00 03 70 02 01 00 03 70 02 01 00 03 70 02 01 00 03 70 02 01 00 03 70 02 01 00 03 70 02 01 00 03 70 02 01 00 03 70 02 01 00 03 70 02 01 00 03 70 02 01 00 03 70 02 01 00 03 70 02 01 00 03 
70 02 01 00 03 70 02 01 00 03 70 02 01 00 03 70 02 01 00 03 70 02 01 00 03 70 02 01 00 03 70 02 01 00 03 70 02 01 00 03 70 02 01 00 03 70 02 01 00 03 70 02 01 00 03 70 02 01 00 03 70 02 01 00 
03 70 02 01 00 03 70 02 01 00 03 70 02 01 00 03 70 02 01 00 03 70 02 01 00 03 70 02 01 00 03 70 02 01 00 03 70 02 01 00 03 70 02 01 00 03 70 02 01 00 03 70 02 01 00 03 70 02 01 00 03 70 02 01 
00 03 70 02 01 00 03 70 02 01 00 03 70 02 01 00 03 70 02 01 00 03 70 02 01 00 03 70 02 01 00 00 00 00 00 00 00 00 00 00 00 00 00 00 00 00 00 00 00 00 00 00 00 00 00 00 00 00 00 00 00 00 00 00 
00 00 00 00 00 00 00 00 00 00 00 00 00 00 00 00 00 00 00 00 00 00 00 00 00 00 00 00 00 00 00 00 00 00 00 00 00 00 00 00 00 00 00 00 00 00 00 00 00 00 00 00 00 00 00 00 00 00 00 00 00 00 00 00 
00 00 00 00 00 00 00 00 00 00 00 00 00 00 00 00 00 00 00 00 00 00 00 00 00 00 00 00 00 00 00 00 00 00 00 00 00 00 00 00 00 00 00 00 00 00 00 00 00 00 00 00 00 00 00 00 00 00 00 00 00 00 00 00 
00 00 00 00 00 00 00 00 00 00 00 00 00 00 00 00 00 00 00 00 00 00 00 00 00 00 00 00 00 00 00 00 00 00 00 00 00 00 00 00 00 00 00 00 00 00 00 00 00 00 00 00 00 00 00 00 00 00 00 00 00 00 00 00 
00 00 00 00 00 00 00 00 00 00 00 00 00 00 00 00 00 00 00 00 00 00 00 00 00 00 00 00 00 00 00 00 00 00 00 00 00 00 00 00 00 00 00 00 00 00 00 00 00 00 00 00 00 00 00 00 00 00 00 00 00 00 00 00 
00 00 00 00 00 00 00 00 00 00 00 00 00 00 00 00 00 00 00 00 00 00 00 00 00 00 00 00 00 00 00 00 00 00 00 00 00 00 00 00 00 00 00 00 00 00 00 00 00 00 00 00 00 00 00 00 00 00 00 00 00 00 00 00 
00 00 00 00 00 00 00 00 00 00 00 00 00 00 00 00 00 00 00 00 00 00 00 00 00 00 00 00 00 00 00 00 00 00 00 00 00 00 00 00 00 00 00 00 00 00 00 00 00 00 00 00 00 00 00 00 00 00 00 00 00 00 00 00 
00 00 00 00 00 00 00 00 00 00 00 00 00 00 00 00 00 00 00 00 00 00 00 00 00 00 00 00 00 00 00 00 00 00 00 00 00 00 00 00 00 00 00 00 00 00 00 00 00 00 00 00 00 00 00 00 00 00 00 00 00 00 00 00 
00 00 00 00 00 00 00 00 00 00 00 00 00 00 00 00 00 00 00 00 00 00 00 00 00 00 00 00 00 00 00 00 00 00 00 00 00 00 00 00 00 00 00 00 00 00 00 00 00 00 00 00 00 00 00 00 00 00 00 00 00 00 00 00 
00 00 00 00 00 00 00 00 00 00 00 00 00 00 00 00 00 00 00 00 00 00 00 00 00 00 00 00 00 00 00 00 00 00 00 00 00 00 00 00 00 00 00 00 00 00 00 00 00 00 00 00 00 00 00 00 00 00 00 00 00 00 00 00 
00 00 00 00 00 00 00 00 00 00 00 00 00 00 00 00 00 00 00 00 00 00 00 00 00 00 00 00 00 00 00 00 00 00 00 00 00 00 00 00 00 00 00 00 00 00 00 00 00 00 00 00 00 00 00 00 00 00 00 00 00 00 00 00 
00 00 00 00 00 00 00 00 00 00 00 00 00 00 00 00 00 00 00 00 00 00 00 00 00 00 00 00 00 00 00 00 00 00 00 00 00 00 00 00 00 00 00 00 00 00 00 00 00 00 00 00 00 00 00 00 00 00 00 00 00 00 00 00 
00 00 00 00 00 00 00 00 00 00 00 00 00 00 00 00 00 00 00 00 00 00 00 00 00 00 00 00 00 00 00 00 00 00 00 00 00 00 00 00 00 00 00 00 00 00 00 00 00 00 00 00 00 00 00 00 00 00 00 00 00 00 00 00 
00 00 00 00 00 00 00 00 00 00 00 00 00 00 00 00 00 00 00 00 00 00 00 00 00 00 00 00 00 00 00 00 00 00 00 00 00 00 00 00 00 00 00 00 00 00 00 00 00 00 00 00 00 00 00 00 00 00 00 00 00 00 00 00 
00 00 00 00 00 00 00 00 00 00 00 00 00 00 00 00 00 00 00 00 00 00 00 00 00 00 00 00 00 00 00 00 00 00 00 00 00 00 00 00 00 00 00 00 00 00 00 00 00 00 00 00 00 00 00 00 00 00 00 00 00 00 00 00 
00 00 00 00 00 00 00 00 00 00 00 00 00 00 00 00 00 00 00 00 00 00 00 00 00 00 00 00 00 00 00 00 00 00 00 00 00 00 00 00 00 00 00 00 00 00 00 00 00 00 00 00 00 00 00 00 00 00 00 00 00 00 00 00 
00 00 00 00 00 00 00 00 00 00 00 00 00 00 00 00 00 00 00 00 00 00 00 00 00 00 00 00 00 00 00 00 00 00 00 00 00 00 00 00 00 00 00 00 00 00 00 00 00 00 00 00 00 00 00 00 00 00 00 00 00 00 00 00 
00 00 00 00 00 00 00 00 00 00 00 00 00 00 00 00 00 00 00 00 00 00 00 00 00 00 00 00 00 00 00 00 00 00 00 00 00 00 00 00 00 00 00 00 00 00 00 00 00 00 00 00 00 00 00 00 00 00 00 00 00 00 00 00 
00 00 00 00 00 00 00 00 00 00 00 00 00 00 00 00 00 00 00 00 00 00 00 00 00 00 00 00 00 00 00 00 00 00 00 00 00 00 00 00 00 00 00 00 00 00 00 00 00 00 00 00 00 00 00 00 00 00 00 00 00 00 00 00 
00 00 00 00 00 00 00 00 00 00 00 00 00 00 00 00 00 00 00 00 00 00 00 00 00 00 00 00 00 00 00 00 00 00 00 00 0f ff ce 09 00 00 00 00 00 00 00 00 00 00 00 00 00 00 00 00 00 00 00 00 00 00 00 00 
00 00 00 00 00 00 00 00 00 00 00 00 00 00 00 00 00 00 00 00 00 00 00 00 00 00 00 00 00 00 00 00 00 00 00 00 00 00 00 00 00 00 00 00 00 00 00 00 00 00 00 00 00 00 00 00 00 00 00 00 00 00 00 00 
00 00 00 00 00 00 00 00 00 00 00 00 00 00 00 00 00 00 00 00 00 00 00 00 00 00 00 00 00 00 00 00 00 00 00 00 00 00 00 00 00 00 00 00 00 00 00 00 00 00 00 00 00 00 00 00 00 00 00 00 00 00 00 00 
